GO.ID	Term	Annotated	Significant	Expected	Rank in topgoKS	topgoFisher	topgoKS	classicFisher	cluster
GO:0016021	integral component of membrane	1969	1222	1158.31	2	0.00019	2.6e-05	0.00053	out_CC
GO:0022625	cytosolic large ribosomal subunit	16	15	9.41	1	0.00249	7.6e-06	0.00249	out_CC
GO:0005578	proteinaceous extracellular matrix	170	120	100.01	10	0.00657	0.0082	0.00091	out_CC
